000000000000000000000000000000
033333333333333333333333333333
034303000000303000030030003000
030000303330003030303000300033
030330000003030003000030030330
030300303303030330303300330000
030030030030300300003030300330
030303300300330003300003003003
030000030030030300030300330030
030303303003000330300033030300
030030000300030003030300000303
030303033003303030030003030000
030000000030303003003303030303
030330303300000300030030330330
030003000030303330303000303000
033030333300300300000030003030
030000000303033033033003030003
033030330000030033000303000300
030030030303303000303303033003
033003030300000030030000333305
