000000000000000000000000000000
033333333333333333333333333333
034000000000330330303003303000
030303030330000000000300000303
033303030003030333333033033000
030000300300300000000000000030
033030030033033030330303033030
030300303000003030303030303030
030003000030303030003030303303
030303330300030003030000000000
033000003030303030000333333303
030030330032300033030000000030
033330303030033000303030303000
030000000030303030003030330333
033303030300003003030030000000
030000300030300300333030330303
030303030333033003030030003000
033000003030000030003030300303
030303330030333030300033033300
030000000333000003003000000035
