000000000000000000000000000000
033333333333333333333333333333
034000000030030303000030300300
030303030303000003030300030330
030033003003033030003030300030
030300330300000333030030030300
030303030003303030000330300030
030000000330030003033000303030
033033030000303030030303000300
030000300333000030300303030030
030303330300303300003003033030
030030300003000003330300000300
030300030300030300000003303330
030003330303030303303030000300
030300003030300300300300303030
030330330030030303003033000000
030003303200303000300000303303
030300000030000303030330300330
030333030330303300030003003030
030000300003003003030300300005
